20
2 3 3 3 3 3 3 3 3 3 1 1 1 1 1 1 1 1 1 1 
2 2 4 4 2 3 3 4 4 3 1 1 1 1 1 1 1 1 1 1
0 43.771 96.393 67.647 44.793 37.502 831.38 98.811 85.488 53.664 52.447 101.757 91.14 82.937 99.36 30.52 107.165 50.717 56.833 48.491
43.771 0 63.147 46.58 59.939 44.521 60.739 56.679 43.894 449.401 58.956 633.034 49.35 479.477 62.562 55.716 66.538 41.717 45.831 19.422
963.933 63.147 0 34.109 117.007 795.254 33.249 33.674 43.273 1060.264 81.386 68.909 308.185 63.79 86.409 108.899 279.473 950.135 54.882 78.998
676.473 46.58 34.109 0 92.222 48.681 20.206 54.064 54.66 91.221 60.287 75.464 476.245 61.067 89.679 80.338 56.353 757.405 355.192 65.819
44.793 59.939 117.007 92.222 0 50.238 101.26 109.252 101.714 48.088 95.745 93.724 103.641 76.213 863.195 20.386 122.018 28.441 94.105 54.628
37.502 44.521 79.525 48.681 50.238 0 56.534 84.961 82.063 71.742 695.078 83.462 78.551 62.706 89.829 35.176 94.177 45.087 59.762 567.848
83.138 60.739 33.249 20.206 101.26 56.534 0 54.542 64.126 104.561 80.074 72.165 50.584 594.902 91.4 90.321 56.686 82.92 55.374 78.94
98.811 56.679 33.674 54.064 109.252 849.61 54.542 0 26.597 90.805 94.783 42.28 8.337 44.833 56.776 107.071 15.555 83.059 70.664 65.563
85.488 43.894 43.273 54.66 101.714 82.063 64.126 26.597 0 74.92 76.733 57.212 21.106 55.194 60.953 99.335 30.816 784.383 56.642 50.662
53.664 44.94 106.026 91.221 48.088 71.742 104.561 90.805 74.92 0 84.786 83.503 85.228 723.565 67.568 56.847 102.437 41.252 834.424 27.06
52.447 58.956 81.386 60.287 95.745 695.078 80.074 94.783 76.733 84.786 0 117.961 865.691 103.042 119.985 81.924 95.483 92.194 26.689 70.492
101.757 63.303 689.087 75.464 937.237 83.462 72.165 42.28 57.212 83.503 117.961 0 44.995 20.892 26.776 97.886 56.992 65.393 966.745 64.826
91.14 49.35 30.818 47.624 103.641 785.514 50.584 8.337 21.106 85.228 86.569 44.995 0 43.932 57.788 100.666 18.557 78.283 626.35 59.357
82.937 479.477 63.79 61.067 76.213 62.706 59.49 44.833 55.194 723.565 103.042 20.892 439.32 0 35.092 78.308 59.806 48.41 82.776 52.212
99.36 62.562 864.089 89.679 863.195 89.829 91.4 56.776 60.953 675.683 119.985 26.776 57.788 35.092 0 94.991 71.569 59.24 102.913 55.893
30.52 55.716 1088.992 80.338 20.386 35.176 90.321 1070.71 99.335 56.847 81.924 97.886 100.666 78.308 94.991 0 118.273 36.562 81.271 56.628
107.165 66.538 279.473 56.353 122.018 94.177 56.686 15.555 30.816 102.437 95.483 56.992 18.557 598.064 71.569 1182.733 0 96.79 70.863 76.837
50.717 41.717 95.013 75.74 28.441 45.087 82.92 83.059 78.438 41.252 92.194 65.393 78.283 48.41 59.24 36.562 96.79 0 83.412 36.78
56.833 45.831 54.882 35.519 94.105 59.762 55.374 70.664 56.642 83.442 26.689 96.674 62.635 82.776 102.913 81.271 70.863 83.412 0 62.089
48.491 19.422 78.998 65.819 54.628 56.785 78.94 65.563 50.662 27.06 70.492 64.826 59.357 52.212 558.93 566.277 76.837 36.78 62.089 0
