10
2 3 3 3 1 1 1 1 1 1
3 5 3 4 1 1 1 1 1 1
0 82.346 27.351 42.501 59.01 456.175 94.305 56.725 58.304 77.579
82.346 0 95.615 59.589 29.787 41.944 87.418 38.27 53.538 59.79
27.351 95.615 0 41.316 78.204 57.604 80.482 73.828 57.064 71.989
425.012 595.895 41.316 0 52.18 25.236 565.208 52.224 28.156 40.136
59.01 297.871 78.204 52.18 0 30.991 96.097 19.118 524.466 68.001
45.617 419.436 576.043 25.236 30.991 0 75.619 38.903 39.685 53.203
94.305 87.418 80.482 56.521 96.097 75.619 0 91.761 48.07 30.252
56.725 38.27 73.828 52.224 19.118 38.903 91.761 0 44.669 62.64
58.304 53.538 57.064 28.156 524.466 39.685 48.07 44.669 0 21.85
77.579 59.79 719.893 40.136 68.001 53.203 30.252 62.64 21.85 0
