20
2 2 2 3 3 3 3 3 3 3 3 3 1 1 1 1 1 1 1 1 
3 3 1 4 3 4 3 2 3 3 4 3 1 1 1 1 1 1 1 1
0 57.423 31.275 48.83 41.694 33.655 43.762 30.352 41.082 49.454 488.444 56.332 52.119 45.424 60.27 34.01 46.235 39.777 51.694 63.25
57.423 0 60.199 86.907 98.749 82.639 722.653 70.351 73.678 67.077 47.641 73.811 8.343 522.568 42.032 44.943 18.768 75.493 55.591 98.218
31.275 60.199 0 45.614 56.693 27.115 59.379 60.421 18.519 38.086 63.608 26.364 58.266 21.491 72.85 57.454 43.388 68.48 63.169 93.969
48.83 86.907 45.614 0 58.126 42.687 37.9 72.919 319.216 81.973 61.397 64.064 855.668 651.632 75.229 65.213 70.1 83.31 53.744 96.892
41.694 98.749 56.693 58.126 0 33.752 65.198 44.053 57.874 675.197 83.99 74.442 92.968 74.598 97.718 69.342 872.431 49.021 84.237 61.971
33.655 82.639 27.115 42.687 337.523 0 61.949 561.203 269.253 47.195 76.415 41.865 78.949 45.942 88.781 66.748 67.328 63.556 75.158 854.29
43.762 72.265 59.379 37.9 65.198 61.949 0 571.44 56.675 90.501 31.376 844.799 69.862 75.34 46.614 38.082 61.499 67.533 252.026 75.077
30.352 70.351 60.421 72.919 440.534 56.12 57.144 0 705.942 65.331 59.972 83.259 62.839 71.296 69.789 37.622 66.436 10.768 66.216 34.553
41.082 73.678 18.519 31.922 57.874 269.253 56.675 70.594 0 54.305 67.867 32.163 72.617 36.409 78.773 66.264 55.518 796.71 64.127 101.796
49.454 67.077 38.086 81.973 67.52 47.195 90.501 65.331 54.305 0 88.48 36.366 63.435 30.477 94.484 74.457 580.766 680.797 922.485 97.989
48.844 47.641 636.083 61.397 83.99 76.415 313.763 59.972 678.675 88.48 0 87.183 463.423 71.379 15.537 23.934 43.085 68.767 120.058 80.127
56.332 73.811 26.364 64.064 74.442 41.865 84.48 832.588 32.163 36.366 87.183 0 734.297 21.892 94.383 82.116 57.965 89.819 86.406 117.125
52.119 8.343 58.266 85.567 92.968 78.949 69.862 62.839 72.617 63.435 46.342 73.43 0 517.348 42.291 396.552 20.793 67.552 55.199 90.537
45.424 522.568 21.491 65.163 74.598 45.942 75.34 71.296 36.409 30.477 71.379 21.892 51.735 0 76.636 65.326 37.554 77.716 72.834 105.837
60.27 42.032 72.85 752.291 97.718 88.781 466.137 69.789 78.773 94.484 15.537 94.383 42.291 76.636 0 32.17 427.438 77.392 23.806 89.059
34.01 44.943 57.454 65.213 69.342 66.748 38.082 376.22 66.264 74.457 23.934 82.116 39.655 65.326 32.17 0 42.368 45.57 33.247 60.256
46.235 18.768 43.388 70.1 87.243 67.328 61.499 66.436 55.518 58.077 43.085 57.965 20.793 37.554 42.744 42.368 0 73.452 47.866 97.373
39.777 75.493 684.802 83.31 49.021 63.556 67.533 10.768 796.71 680.797 68.767 89.819 67.552 77.716 77.392 45.57 73.452 0 75.811 30.357
51.694 55.591 63.169 53.744 84.237 75.158 25.203 66.216 64.127 92.249 120.058 86.406 55.199 728.343 23.806 33.247 47.866 75.811 0 86.43
63.25 98.218 93.969 968.918 61.971 85.429 75.077 34.553 101.796 97.989 80.127 117.125 90.537 105.837 89.059 60.256 97.373 30.357 86.43 0
