20
2 2 3 3 3 3 3 3 3 3 3 3 3 3 1 1 1 1 1 1 
1 3 3 2 2 2 4 4 3 4 4 2 3 4 1 1 1 1 1 1
0 81.199 51.55 71.667 41.766 35.772 66.238 53.785 100.752 87.911 76.454 48.735 1023.289 100.39 112.292 43.565 58.01 109.633 62.713 70.237
81.199 0 83.582 68.926 77.341 57.678 77.491 61.8 59.124 103.513 22.54 42.46 28.518 105.681 85.043 66.869 72.628 52.365 87.26 64.741
51.55 83.582 0 52.313 11.951 587.629 26.022 80.586 69.617 43.946 91.832 76.52 105.641 60.375 81.759 70.034 316.082 96.061 12.813 365.483
71.667 68.926 52.313 0 46.743 48.795 310.485 59.06 71.084 46.328 82.565 73.231 77.386 44.385 42.353 92.805 21.083 55.941 58.846 25.953
41.766 77.341 11.951 46.743 0 47.108 27.105 68.972 72.302 48.732 84.139 66.71 98.766 63.154 81.02 639.298 26.396 91.516 24.285 35.568
35.772 57.678 58.763 487.953 47.108 0 58.672 22.595 886.01 82.693 56.621 32.85 72.309 88.788 88.308 56.941 45.767 78.507 69.767 56.098
66.238 77.491 26.022 31.049 271.049 58.672 0 76.888 61.084 27.886 90.648 79.83 94.315 38.551 56.027 85.085 15.345 76.096 29.148 15.437
53.785 61.8 80.586 59.06 689.718 22.595 76.888 0 1030.394 991.659 57.906 376.774 68.1 101.955 95.099 71.644 62.786 78.501 915.103 72.441
100.752 59.124 69.617 71.084 72.302 88.601 61.084 103.039 0 783.319 78.022 87.665 76.286 81.641 68.985 90.606 68.753 65.503 64.168 50.025
87.911 103.513 439.462 46.328 48.732 82.693 278.857 99.166 78.332 0 117.937 1069.406 117.532 19.397 57.43 111.145 37.33 91.924 43.267 38.821
76.454 22.54 918.325 82.565 84.139 56.621 90.648 57.906 78.022 117.937 0 30.101 39.531 121.998 104.91 56.581 83.972 720.324 970.98 80.119
487.347 42.46 765.199 73.231 66.71 32.85 79.83 376.774 87.665 106.941 30.101 0 60.738 1135.683 106.045 403.291 70.545 83.31 84.796 73.625
102.329 28.518 1056.411 773.858 98.766 72.309 94.315 680.999 76.286 117.532 39.531 60.738 0 115.24 85.513 92.699 877.849 418.718 109.884 80.313
100.39 105.681 603.745 44.385 63.154 88.788 38.551 101.955 81.641 193.97 121.998 113.568 115.24 0 43.532 123.413 44.567 84.197 60.309 43.719
112.292 85.043 81.759 42.353 81.02 88.308 56.027 95.099 68.985 57.43 104.91 106.045 85.513 43.532 0 126.089 57.042 46.782 823.261 47.306
43.565 66.869 70.034 92.805 63.93 56.941 85.085 716.441 90.606 1111.451 56.581 40.329 92.699 123.413 126.089 0 81.081 111.78 75.666 83.374
58.01 72.628 31.608 21.083 26.396 45.767 15.345 62.786 687.53 37.33 83.972 70.545 87.785 44.567 57.042 81.081 0 71.986 39.453 19.779
109.633 52.365 96.061 55.941 91.516 78.507 76.096 78.501 65.503 91.924 72.032 83.31 41.872 84.197 46.782 111.78 71.986 0 98.68 615.615
62.713 87.26 12.813 58.846 24.285 697.674 29.148 91.51 64.168 43.267 97.098 84.796 1098.836 60.309 823.261 75.666 39.453 98.68 0 38.686
70.237 647.405 36.548 25.953 35.568 56.098 15.437 72.441 50.025 38.821 80.119 73.625 80.313 437.189 47.306 83.374 19.779 615.615 38.686 0
