20
2 2 2 3 3 3 3 3 3 1 1 1 1 1 1 1 1 1 1 1 
2 2 1 3 3 4 3 2 3 1 1 1 1 1 1 1 1 1 1 1
0 67.023 69.227 60.393 33.113 69.804 53.315 48.513 56.653 24.807 49.836 74.607 61.867 77.973 29.996 40.494 32.095 53.198 89.562 19.454
67.023 0 14.906 29.724 89.554 791.167 46.913 231.414 80.888 51.638 91.219 62.51 59.109 47.609 82.208 87.74 90.384 65.226 77.813 61.989
69.227 14.906 0 40.576 88.374 67.632 56.357 22.434 91.054 57.932 959.786 57.929 70.85 37.764 79.014 94.302 88.517 56.171 71.938 68.256
60.393 29.724 40.576 0 90.505 90.508 188.943 30.77 556.56 46.85 68.754 55.515 56.193 55.145 80.188 670.673 89.959 71.292 717.565 51.924
33.113 89.554 88.374 90.505 0 67.907 85.926 71.601 86.714 49.537 76.207 97.931 81.303 97.228 29.096 66.562 9.915 606.983 110.866 47.467
69.804 79.117 67.632 905.083 67.907 0 944.492 61.396 1180.096 80.776 100.318 664.942 113.207 56.108 50.576 103.761 63.261 22.064 72.406 85.053
53.315 46.913 56.357 188.943 85.926 944.492 0 40.496 38.652 44.07 51.334 56.932 58.036 64.582 74.729 50.369 84.545 73.393 72.903 44.196
48.513 23.141 22.434 30.77 71.601 61.396 40.496 0 72.623 40.611 74.208 48.523 62.985 38.621 60.203 72.715 70.764 44.47 64.841 48.802
566.531 80.888 91.054 55.656 86.714 118.01 38.652 72.623 0 51.849 39.084 88.065 60.928 100.237 82.05 281.589 86.105 970.552 1026.188 43.55
24.807 51.638 57.932 468.503 49.537 80.776 44.07 40.611 51.849 0 616.118 79.142 37.93 77.626 52.424 48.492 52.283 64.373 95.856 13.039
49.836 91.219 95.979 68.754 76.207 1003.177 513.341 74.208 39.084 61.612 0 72.958 88.231 91.842 61.745 22.21 71.295 79.722 84.153 51.022
746.072 62.51 57.929 55.515 97.931 66.494 56.932 48.523 88.065 79.142 72.958 0 105.751 28.316 73.427 85.066 92.31 49.109 17.156 80.644
61.867 59.109 70.85 56.193 81.303 113.207 58.036 62.985 60.928 37.93 88.231 105.751 0 100.786 899.533 71.692 86.563 982.689 122.891 44.625
77.973 47.609 37.764 55.145 97.228 56.108 64.582 38.621 100.237 77.626 91.842 28.316 100.786 0 77.09 98.687 93.477 43.972 37.2 83.425
299.965 82.208 790.139 801.876 29.096 50.576 74.729 60.203 82.05 52.424 61.745 73.427 89.953 77.09 0 60.775 20.609 387.604 84.6 49.43
40.494 87.74 94.302 67.067 66.562 103.761 50.369 72.715 28.159 48.492 22.21 85.066 71.692 98.687 607.75 0 64.294 83.981 98.678 36.167
32.095 90.384 88.517 89.959 9.915 632.606 84.545 70.764 861.054 522.831 71.295 92.31 86.563 934.77 20.609 642.945 0 55.351 104.437 49.132
53.198 65.226 56.171 71.292 60.698 22.064 73.393 44.47 97.055 64.373 79.722 49.109 98.269 43.972 38.76 839.805 55.351 0 58.337 67.554
89.562 77.813 71.938 71.756 110.866 72.406 72.903 64.841 102.619 95.856 84.153 17.156 122.891 37.2 845.998 98.678 104.437 58.337 0 96.889
19.454 61.989 68.256 519.241 474.666 85.053 44.196 48.802 43.55 13.039 51.022 80.644 44.625 834.247 49.43 36.167 491.316 67.554 96.889 0
